p cnf 100 430
1 2 3 0
-4 5 -6 0
-6 7 8 0
-9 -6 -10 0
11 12 -13 0
14 15 16 0
-17 -18 19 0
20 21 22 0
3 6 -23 0
-24 -25 -26 0
-27 28 29 0
-12 -30 31 0
-32 -33 34 0
-35 -36 -23 0
-37 38 -29 0
-39 -34 40 0
-41 42 43 0
30 -44 45 0
46 -7 47 0
-48 -29 -38 0
14 49 39 0
-42 -40 50 0
22 -51 52 0
-11 -53 -29 0
54 55 -22 0
-48 30 56 0
57 30 58 0
-59 60 -61 0
62 -63 -64 0
62 -26 -65 0
-66 59 3 0
5 13 33 0
-27 -58 -67 0
-17 -58 -45 0
-5 62 -38 0
-68 -69 70 0
-71 3 -9 0
11 -72 -64 0
-39 73 28 0
-62 -74 37 0
-37 32 21 0
-75 9 76 0
-5 -51 -44 0
-5 59 77 0
39 -18 1 0
52 -38 8 0
-49 -78 61 0
66 -29 -79 0
-23 25 67 0
80 -54 52 0
-81 -73 -32 0
60 2 82 0
11 66 64 0
6 46 -82 0
83 12 31 0
36 -61 72 0
84 -81 -46 0
-52 6 -23 0
1 -56 35 0
48 -14 -70 0
-12 15 14 0
-28 13 -66 0
-45 -12 85 0
-31 86 -24 0
62 -33 87 0
48 5 -33 0
-80 52 40 0
59 55 -13 0
51 -78 24 0
-71 39 88 0
-39 12 -63 0
17 -13 -89 0
-46 -55 7 0
74 -88 -90 0
-88 -70 -14 0
-50 -23 -82 0
80 -13 -30 0
-83 -6 25 0
22 -41 -27 0
-91 -60 -92 0
-53 -34 -89 0
-21 -42 -29 0
48 68 -39 0
17 69 93 0
-44 82 55 0
40 -94 88 0
29 87 -8 0
-95 91 65 0
86 57 -82 0
-20 52 -25 0
-87 28 -11 0
86 -89 -10 0
12 68 81 0
59 33 -2 0
7 -24 79 0
29 15 -36 0
-89 35 -91 0
33 90 16 0
-78 -96 -10 0
97 -27 85 0
-98 -81 94 0
-99 92 59 0
90 -100 -31 0
-41 -85 98 0
55 81 -34 0
68 25 -71 0
59 -94 77 0
-45 12 -19 0
63 -87 5 0
-55 -74 34 0
50 2 -20 0
38 -95 20 0
47 35 57 0
-66 -80 59 0
-78 -11 -12 0
-44 8 21 0
-53 -49 -22 0
34 -89 6 0
-65 51 -8 0
70 -29 62 0
57 -31 49 0
-79 -83 -97 0
-71 -81 30 0
-17 -72 57 0
-97 -78 53 0
-50 61 49 0
-3 37 -66 0
-42 47 67 0
66 -60 -8 0
-43 -32 -56 0
-58 -96 -26 0
-71 -99 3 0
56 44 -23 0
65 36 81 0
23 -75 48 0
-18 47 -75 0
67 -65 60 0
-3 58 -92 0
-70 -32 -37 0
6 -7 -5 0
68 76 -7 0
41 -55 -69 0
-49 89 -32 0
-65 23 -1 0
-67 -2 42 0
-72 50 -55 0
-81 -87 -62 0
4 -43 29 0
26 -29 50 0
40 -75 -89 0
1 51 62 0
-4 -91 56 0
-100 27 31 0
76 -49 31 0
-25 -47 35 0
-72 -100 81 0
-30 26 67 0
24 21 66 0
19 -9 -72 0
-56 11 -30 0
-84 -44 20 0
-94 -75 -14 0
86 -98 81 0
87 -5 -85 0
-40 98 91 0
19 -66 11 0
88 13 -67 0
-7 71 41 0
-95 21 -94 0
-36 -19 16 0
92 -52 -91 0
-23 76 -58 0
39 -70 -28 0
-50 27 53 0
90 -78 -15 0
38 -25 -64 0
-29 38 34 0
-80 -77 31 0
-88 -44 -13 0
33 66 -47 0
70 -82 26 0
43 29 -59 0
83 -84 -49 0
-94 86 23 0
-53 -10 -38 0
54 8 34 0
-88 81 76 0
63 -40 -66 0
-97 42 -93 0
95 -84 -35 0
-39 -56 12 0
-72 45 7 0
86 60 -58 0
-48 -71 -52 0
-83 49 -12 0
56 -95 27 0
13 61 7 0
-38 -11 -84 0
53 -75 -66 0
-72 89 -55 0
5 40 14 0
99 90 -37 0
67 39 -30 0
-9 -42 -40 0
-88 46 97 0
81 -12 -99 0
-47 -70 -75 0
57 -73 -4 0
58 -35 -10 0
-92 -23 -39 0
-100 21 -3 0
47 20 -8 0
-15 43 -97 0
-36 -65 -32 0
17 42 99 0
-76 -61 57 0
-94 -89 -5 0
13 -34 -76 0
96 55 -24 0
22 58 -69 0
-31 71 -9 0
94 72 -8 0
34 -96 -93 0
-21 -70 -45 0
86 -59 45 0
-7 -11 -63 0
64 -23 32 0
-66 54 63 0
4 -12 17 0
14 27 16 0
-61 -21 -62 0
54 37 -1 0
-60 44 -59 0
-94 -66 -55 0
38 41 -15 0
-51 53 26 0
81 -97 -100 0
-86 -16 -27 0
96 68 24 0
-17 -56 9 0
-53 88 89 0
-60 78 73 0
67 55 70 0
-95 -39 -31 0
-62 38 41 0
3 68 -96 0
-96 -43 -83 0
2 13 -74 0
47 -61 41 0
80 -84 87 0
-76 10 7 0
59 -60 17 0
-13 -14 5 0
62 -72 74 0
-93 -37 72 0
-6 -86 -67 0
-11 -42 -28 0
39 32 -64 0
-98 87 84 0
41 87 -63 0
98 19 81 0
49 -61 -11 0
77 -45 69 0
94 22 92 0
-40 54 -66 0
99 -23 -53 0
-65 -20 21 0
-56 -49 3 0
-84 -47 -87 0
44 -27 -39 0
-14 -97 20 0
-19 -13 -48 0
-44 -10 2 0
-69 -19 -56 0
53 -100 -90 0
-60 86 -80 0
-93 -7 -95 0
-45 17 -78 0
23 47 83 0
-51 -89 40 0
40 -82 56 0
-77 9 -18 0
-22 72 -14 0
91 -83 86 0
-77 -18 76 0
23 28 -44 0
87 -50 -89 0
-15 80 -55 0
10 -55 45 0
48 51 -6 0
-31 62 -72 0
-10 96 -62 0
-45 35 -14 0
-98 -99 89 0
-40 -51 19 0
96 -65 -38 0
89 -50 28 0
-43 -18 89 0
48 99 63 0
89 -84 -91 0
-26 -33 -30 0
45 -34 -16 0
42 -85 -21 0
74 -94 66 0
-23 99 -95 0
-5 -97 19 0
47 60 20 0
-13 50 -48 0
-9 -20 10 0
-63 -35 -59 0
-50 59 -78 0
-43 51 46 0
-85 90 69 0
-11 -93 4 0
48 -90 -17 0
87 -48 57 0
48 -34 -95 0
-100 63 64 0
-16 19 -10 0
-30 -43 -62 0
86 50 -4 0
98 -90 100 0
70 -67 -91 0
24 -97 -38 0
7 83 -6 0
-77 -59 12 0
-15 76 47 0
13 1 47 0
85 92 53 0
7 44 83 0
-93 -22 31 0
-61 -95 -25 0
3 4 -96 0
32 93 -23 0
-6 61 -83 0
21 -66 40 0
42 58 -99 0
-7 62 -94 0
-2 61 -96 0
36 90 -1 0
-97 95 -19 0
28 -72 -73 0
-45 95 3 0
51 23 18 0
54 -88 56 0
-92 -11 -29 0
3 52 -22 0
47 -13 52 0
29 -13 -5 0
-2 74 -71 0
30 -37 -69 0
-24 -32 28 0
-20 -53 17 0
-53 7 -41 0
27 20 -90 0
-19 43 -44 0
-51 38 -32 0
-2 -83 -66 0
77 -66 21 0
57 -1 -49 0
-7 36 -64 0
-75 -34 61 0
99 -57 -12 0
-69 -40 47 0
-18 44 -6 0
-46 41 -33 0
-20 -71 -63 0
-3 -67 17 0
-69 -39 86 0
30 -19 15 0
8 -29 80 0
-54 -98 99 0
-29 32 56 0
28 47 -95 0
-36 64 -38 0
-28 -45 -7 0
16 -89 45 0
82 -50 66 0
2 78 -85 0
-14 1 -76 0
-58 26 95 0
-51 -67 -19 0
71 34 -24 0
46 73 -82 0
-98 -60 -74 0
-91 -4 13 0
87 86 80 0
-97 -98 11 0
-87 -10 24 0
49 -15 90 0
-40 -97 7 0
74 67 -9 0
-68 11 -90 0
73 68 -65 0
-74 44 -13 0
-54 -24 -85 0
-43 15 44 0
58 -95 -24 0
75 57 -26 0
64 49 -85 0
10 -76 -4 0
-12 99 81 0
89 50 -78 0
-15 29 -94 0
26 -82 -47 0
-2 15 -8 0
88 35 -33 0
70 -82 -42 0
27 -77 54 0
-90 7 -39 0
56 55 19 0
-25 93 45 0
-90 67 -79 0
14 -69 94 0
83 -80 69 0
-60 -30 95 0
97 -60 13 0
-81 -7 -88 0
89 -25 -44 0
70 46 -38 0
-80 -61 77 0
78 40 59 0
-33 81 2 0
-46 -40 88 0
-64 57 60 0
89 -64 -30 0
21 -39 -1 0
-5 -61 -11 0
58 11 20 0
-1 -64 -11 0
